0
0
0
0
0
0
0
0
0
0
0
0
0
0
0
0
0
0
0
0
0
0
0
0
0
0
0
0
0
0
0
0
0
0
0
0
0
0
0
0
0
0
0
0
0
0
0
0
0
0
0
0
0
0
0
0
0
0
0
0
0
0
0
0
0
0
0
0
0
0
0
0
0
0
0
0
0
0
0
0
0
0
0
0
0
0
0
0
0
0
0
0
0
0
0
0
0
0
0
0
0
0
0
0
0
0
0
0
0
0
4.00E+002
5.00E+002
4.00E+002
6.50E+002
3.70E+002
4.00E+002
5.00E+002
7.00E+002
3.00E+002
3.00E+002
5.13E+002
7.39E+002
9.87E+002
4.12E+002
1.80E+002
2.69E+002
2.00E+002
4.63E+002
5.68E+002
4.00E+002
4.57E+002
4.00E+002
2.02E+002
3.00E+002
3.00E+002
4.00E+002
2.00E+002
3.99E+002
2.90E+002
3.00E+002
2.48E+002
3.24E+002
3.00E+002
4.00E+002
3.00E+002
2.91E+002
3.74E+002
1.53E+002
4.59E+002
6.16E+002
3.16E+003
9.95E+002
2.65E+003
2.53E+003
3.03E+003
2.42E+003
1.83E+003
2.98E+003
3.06E+003
2.33E+003
2.52E+003
3.03E+003
2.95E+003
2.14E+003
2.84E+003
4.10E+003
3.45E+003
4.14E+003
4.25E+003
6.02E+003
7.45E+003
8.46E+003
1.20E+004
1.49E+004
2.03E+004
2.65E+004
3.48E+004
4.68E+004
6.07E+004
8.00E+004
1.03E+005
1.36E+005
1.75E+005
2.22E+005
2.81E+005
3.48E+005
4.31E+005
5.26E+005
6.37E+005
7.51E+005
8.67E+005
1.00E+006
1.14E+006
1.29E+006
1.43E+006
1.58E+006
1.68E+006
1.80E+006
1.88E+006
1.91E+006
1.93E+006
1.93E+006
1.91E+006
1.89E+006
1.83E+006
1.79E+006
1.74E+006
1.68E+006
1.65E+006
1.63E+006
1.64E+006
1.65E+006
1.68E+006
1.71E+006
1.75E+006
1.84E+006
1.92E+006
1.98E+006
2.06E+006
2.10E+006
2.14E+006
2.18E+006
2.20E+006
2.21E+006
2.21E+006
2.18E+006
2.14E+006
2.10E+006
2.03E+006
1.95E+006
1.90E+006
1.81E+006
1.76E+006
1.68E+006
1.60E+006
1.53E+006
1.47E+006
1.42E+006
1.36E+006
1.32E+006
1.29E+006
1.26E+006
1.24E+006
1.22E+006
1.20E+006
1.20E+006
1.18E+006
1.18E+006
1.17E+006
1.15E+006
1.13E+006
1.12E+006
1.10E+006
1.08E+006
1.05E+006
1.04E+006
1.01E+006
9.67E+005
9.33E+005
8.90E+005
8.66E+005
8.17E+005
7.79E+005
7.51E+005
7.19E+005
6.83E+005
6.44E+005
6.24E+005
5.96E+005
5.88E+005
5.56E+005
5.39E+005
5.17E+005
5.02E+005
4.89E+005
4.71E+005
4.65E+005
4.46E+005
4.31E+005
4.25E+005
4.14E+005
4.03E+005
3.86E+005
3.82E+005
3.67E+005
3.62E+005
3.52E+005
3.37E+005
3.26E+005
3.08E+005
2.98E+005
2.95E+005
2.83E+005
2.74E+005
2.61E+005
2.50E+005
2.36E+005
2.30E+005
2.10E+005
1.99E+005
1.94E+005
1.87E+005
1.79E+005
1.70E+005
1.65E+005
1.58E+005
1.52E+005
1.50E+005
1.41E+005
1.37E+005
1.33E+005
1.27E+005
1.23E+005
1.22E+005
1.17E+005
1.15E+005
1.09E+005
1.06E+005
1.00E+005
9.98E+004
9.32E+004
9.10E+004
8.63E+004
8.57E+004
8.26E+004
8.03E+004
7.46E+004
7.45E+004
7.04E+004
6.89E+004
6.57E+004
6.32E+004
6.11E+004
5.82E+004
5.71E+004
5.32E+004
5.01E+004
4.92E+004
4.77E+004
4.57E+004
4.17E+004
3.96E+004
4.00E+004
3.81E+004
3.49E+004
3.38E+004
3.33E+004
3.12E+004
3.08E+004
2.94E+004
2.78E+004
2.73E+004
2.58E+004
2.58E+004
2.44E+004
2.47E+004
2.20E+004
2.24E+004
2.09E+004
2.04E+004
1.96E+004
1.86E+004
1.89E+004
1.81E+004
1.74E+004
1.56E+004
1.48E+004
1.45E+004
1.42E+004
1.37E+004
1.34E+004
1.35E+004
1.28E+004
1.34E+004
1.16E+004
1.09E+004
1.13E+004
9.59E+003
9.03E+003
9.97E+003
8.62E+003
9.70E+003
8.72E+003
7.92E+003
7.89E+003
8.24E+003
8.14E+003
7.53E+003
6.87E+003
7.23E+003
6.50E+003
6.57E+003
6.38E+003
6.16E+003
5.67E+003
5.12E+003
5.23E+003
4.91E+003
4.73E+003
4.45E+003
4.46E+003
