2.80e+04 2.72e+04 2.70e+04 2.71e+04 2.74e+04 2.81e+04 2.87e+04 2.89e+04
2.89e+04 2.89e+04 2.83e+04 2.69e+04 2.53e+04 2.37e+04 2.16e+04 1.88e+04
1.64e+04 1.49e+04 1.30e+04 9.67e+03 6.13e+03 3.57e+03 1.76e+03 9.65e+02
5.30e+02 3.44e+02 2.33e+02 1.72e+02 1.40e+02 1.29e+02 1.26e+02 1.23e+02
1.17e+02 1.12e+02 1.10e+02 1.14e+02 1.24e+02 1.34e+02 1.42e+02 1.52e+02
1.68e+02 1.95e+02 2.23e+02 2.40e+02 2.48e+02 2.69e+02 3.05e+02 3.51e+02
3.85e+02 3.87e+02 3.92e+02 4.31e+02 5.01e+02 5.44e+02 5.51e+02 5.37e+02
5.12e+02 5.45e+02 6.26e+02 6.64e+02 6.54e+02 6.48e+02 5.73e+02 4.84e+02
4.93e+02 4.85e+02 4.21e+02 4.25e+02 4.90e+02 3.80e+02 2.32e+02 1.33e+02
3.68e+01 6.20e+01 4.48e+01 3.11e+01 2.16e+01 1.60e+01 9.02e+00 7.27e+00
6.22e+00 5.58e+00 5.13e+00 4.83e+00 4.62e+00 4.49e+00 4.40e+00 4.34e+00
4.28e+00 4.24e+00 4.20e+00 4.15e+00 4.05e+00 3.88e+00 3.69e+00 3.48e+00
3.24e+00 3.00e+00 2.78e+00 2.58e+00 2.41e+00 2.25e+00 2.08e+00 1.88e+00
1.68e+00 1.50e+00 1.36e+00 1.25e+00 1.11e+00 9.57e-01 8.20e-01 7.06e-01
5.96e-01 5.06e-01 4.41e-01 4.00e-01 3.76e-01 3.60e-01 3.27e-01 2.87e-01
2.79e-01 2.99e-01 2.94e-01 2.52e-01 1.98e-01 1.59e-01 1.30e-01 1.11e-01
8.70e-02 6.77e-02 4.47e-02 3.10e-02 2.15e-02 1.56e-02 1.17e-02 9.07e-03
7.30e-03 6.08e-03 5.16e-03 4.44e-03 4.37e-03 3.99e-03 3.69e-03 3.47e-03
3.26e-03 3.10e-03 2.91e-03 2.70e-03 2.50e-03 2.28e-03 2.07e-03 1.89e-03
1.74e-03 1.60e-03 1.49e-03 1.36e-03 1.28e-03 1.23e-03 1.16e-03 1.09e-03
1.05e-03 9.90e-04 9.49e-04 9.13e-04 8.69e-04 8.75e-04 8.55e-04 8.16e-04
8.24e-04 7.88e-04 7.41e-04 7.35e-04 6.75e-04 6.37e-04 6.26e-04 6.50e-04
6.01e-04 5.82e-04 5.95e-04 6.02e-04 5.32e-04 4.68e-04 4.95e-04 5.65e-04
4.96e-04 4.99e-04 4.78e-04 4.70e-04 5.01e-04 4.96e-04 4.50e-04 4.03e-04
3.64e-04 3.47e-04 3.09e-04 2.91e-04 3.00e-04 2.88e-04 2.65e-04 2.50e-04
2.71e-04 2.48e-04 2.31e-04 2.23e-04 2.15e-04 2.21e-04 1.98e-04 1.94e-04
1.95e-04 1.90e-04 1.77e-04 1.68e-04 1.84e-04 1.73e-04 1.62e-04 1.52e-04
1.59e-04 1.64e-04 1.29e-04 1.34e-04 1.47e-04 1.50e-04 1.32e-04 1.31e-04
1.43e-04 1.14e-04 1.14e-04 1.26e-04 1.21e-04 1.19e-04 1.03e-04 1.00e-04
9.87e-05 9.37e-05 7.51e-05 8.96e-05 9.60e-05 8.78e-05 7.45e-05 7.46e-05
9.05e-05 7.64e-05 6.63e-05 7.45e-05 6.79e-05 5.63e-05 5.60e-05 6.49e-05
8.08e-05 6.01e-05 4.13e-05 4.47e-05 4.70e-05 1.86e-05 2.97e-05 3.76e-05
4.51e-05 3.19e-05 2.64e-05 3.81e-05 4.12e-05 1.46e-05 2.47e-05 2.73e-05
2.92e-05 2.81e-05 2.03e-05 3.06e-05 2.80e-05 2.46e-05 2.37e-05 1.47e-05
1.10e-05 2.22e-05 3.37e-05 2.47e-05 1.66e-05 2.63e-05 3.24e-05 3.38e-05
2.78e-05 3.61e-05 4.33e-05 2.25e-05 1.90e-05 4.50e-05 4.41e-05 3.13e-05
3.23e-05 3.99e-05 4.51e-05 5.61e-05 6.02e-05 5.29e-05 4.62e-05 3.81e-05
5.26e-05 5.98e-05 5.34e-05 5.39e-05 6.21e-05 5.67e-05 6.28e-05 6.05e-05
8.29e-05 8.21e-05 7.20e-05 7.32e-05 7.55e-05 7.23e-05 7.01e-05 7.65e-05
7.68e-05 7.70e-05 6.63e-05 6.63e-05 7.66e-05 7.38e-05 7.64e-05 7.08e-05
7.83e-05 8.40e-05 7.56e-05 8.08e-05 8.69e-05 8.47e-05 6.34e-05 5.93e-05
6.21e-05 6.08e-05 5.38e-05 5.09e-05 5.16e-05 5.83e-05 5.37e-05 5.39e-05
6.68e-05 6.70e-05 7.05e-05 8.46e-05 9.10e-05 8.60e-05 8.48e-05 9.35e-05
7.92e-05 8.96e-05 8.78e-05 7.87e-05 7.76e-05 7.65e-05 7.87e-05 7.62e-05
7.63e-05 7.18e-05 7.29e-05 6.63e-05 5.79e-05 5.07e-05 4.79e-05 6.07e-05
6.39e-05 6.12e-05 3.76e-05 4.97e-05 6.75e-05 5.19e-05 4.30e-05 5.31e-05
5.53e-05 5.21e-05 5.05e-05 4.53e-05 6.03e-05 6.15e-05 5.33e-05 6.85e-05
6.60e-05 6.76e-05 8.43e-05 9.03e-05 9.06e-05 8.24e-05 8.76e-05 9.84e-05
9.91e-05 1.07e-04 1.06e-04 1.04e-04 9.81e-05 7.77e-05 8.93e-05 1.12e-04
9.11e-05 8.13e-05 8.12e-05 1.01e-04 8.53e-05 6.36e-05 6.17e-05 6.48e-05
6.48E-05
