310.00 334.31 337.84 338.83 339.64 340.36 341.03 341.64 342.23 342.79
343.35 343.90 344.44 344.98 345.51 346.04 346.58 347.12 347.64 348.17
348.69 349.22 349.74 350.26 350.76 351.25 351.73 352.20 352.65 353.10
353.53 353.96 354.35 354.75 355.13 355.51 355.89 356.25 356.60 356.95
357.28 357.62 357.95 358.27 358.58 358.90 359.21 359.51 359.82 360.12 
360.41 360.71 361.00 361.29 361.58 361.88 362.17 362.46 362.74 363.03
363.33 363.62 363.91 364.20 364.49 364.79 365.08 365.38 365.67 365.97
366.26 366.56 366.86 367.16 367.46 367.76 368.07 368.38 368.68 368.99
369.31 369.62 369.94 370.26 370.57 370.89 371.21 371.53 371.85 372.17
372.49 372.81 373.13 373.45 373.78 374.10 374.43 374.75 375.08 375.41
375.73 376.06 376.39 376.72 377.05 377.38 377.72 378.05 378.39 378.72
379.06 379.40 379.74 380.08 380.42 380.77 381.12 381.47 381.82 382.18
382.54 382.90 383.26 383.63 384.00 384.38 384.76 385.14 385.54 385.93
386.33 386.73 387.14 387.56 387.98 388.41 388.84 389.28 389.73 390.18
390.64 391.11 391.58 392.06 392.54 393.03 393.54 394.05 394.58 395.11
395.65 396.21 396.77 397.36 397.95 398.55 399.16 399.79 400.44 401.09
401.75 402.43 403.12 403.83 404.55 405.28 406.01 406.77 407.55 408.35
409.17 410.01 410.88 411.76 412.68 413.63 414.62 415.64 416.71 417.81
418.98 420.23 421.54 422.93 424.43 426.00 427.68 429.47 431.40 433.48
435.78 438.40 441.40 444.86 449.11 454.20 460.93 470.84 489.36 600.00
