1.00e-05 1.00e-05 1.00e-05 1.00e-05 1.00e-05 1.00e-05 1.00e-05 1.00e-05
1.00e-05 1.00e-05 1.00e-05 1.00e-05 1.00e-05 1.00e-05 1.00e-05 1.00e-05
1.00e-05 1.00e-05 1.00e-05 1.00e-05 1.00e-05 1.00e-05 1.00e-05 1.00e-05
1.00e-05 1.00e-05 1.00e-05 1.00e-05 1.00e-05 1.00e-05 1.00e-05 1.00e-05
1.00e-05 1.00e-05 1.00e-05 1.00e-05 1.00e-05 1.00e-05 1.00e-05 1.00e-05
1.00e-05 1.00e-05 1.00e-05 1.00e-05 1.00e-05 1.00e-05 1.00e-05 1.00e-05
1.00e-05 1.00e-05 1.00e-05 1.00e-05 1.00e-05 1.00e-05 1.00e-05 1.00e-05
1.00e-05 1.00e-05 1.00e-05 1.00e-05 1.00e-05 1.00e-05 1.00e-05 1.00e-05
1.00e-05 1.00e-05 1.00e-05 1.00e-05 1.00e-05 1.00e-05 1.00e-05 1.00e-05
1.00e-05 1.00e-05 1.00e-05 1.00e-05 1.00e-05 1.00e-05 1.00e-05 1.00e-05
1.00e-05 1.00e-05 1.00e-05 1.00e-05 1.00e-05 1.00e-05 1.00e-05 1.00e-05
1.00e-05 1.00e-05 1.00e-05 1.00e-05 1.00e-05 1.00e-05 1.00e-05 1.00e-05
1.00e-05 1.00e-05 1.00e-05 1.00e-05 1.00e-05 1.00e-05 1.00e-05 1.00e-05
1.00e-05 1.00e-05 1.00e-05 1.00e-05 1.00e-05 1.00e-05 1.00e-05 1.00e-05
1.00e-05 1.00e-05 1.00e-05 1.00e-05 1.00e-05 1.00e-05 1.00e-05 1.00e-05
1.00e-05 1.00e-05 1.00e-05 1.00e-05 1.00e-05 1.00e-05 1.00e-05 1.00e-05
1.00e-05 1.00e-05 8.67e-03 8.28e-03 7.68e-03 6.80e-03 5.97e-03 5.27e-03
4.65e-03 4.27e-03 4.12e-03 4.10e-03 4.00e-03 3.86e-03 3.74e-03 3.58e-03
3.38e-03 3.30e-03 3.69e-03 5.37e-03 8.84e-03 9.87e-03 8.98e-03 9.10e-03
1.01e-02 1.07e-02 1.10e-02 1.21e-02 1.37e-02 1.22e-02 8.96e-03 5.92e-03
3.82e-03 2.72e-03 1.98e-03 1.50e-03 1.20e-03 1.07e-03 1.03e-03 9.90e-04
9.50e-04 9.40e-04 9.50e-04 9.61e-04 9.60e-04 9.92e-04 9.70e-04 9.08e-04
9.24e-04 9.73e-04 8.83e-04 8.40e-04 9.78e-04 1.07e-03 1.02e-03 8.74e-04
8.65e-04 8.86e-04 8.80e-04 8.93e-04 8.87e-04 8.88e-04 8.71e-04 8.55e-04
8.46e-04 8.32e-04 8.57e-04 8.66e-04 8.45e-04 8.46e-04 8.57e-04 8.61e-04
8.50e-04 8.46e-04 8.51e-04 8.32e-04 8.36e-04 8.16e-04 8.28e-04 8.34e-04
8.21e-04 8.23e-04 8.30e-04 8.11e-04 7.95e-04 7.99e-04 8.17e-04 8.27e-04
8.33e-04 8.75e-04 9.43e-04 9.78e-04 9.81e-04 9.48e-04 8.89e-04 8.46e-04
8.08e-04 8.13e-04 8.60e-04 9.73e-04 1.40e-03 1.99e-03 1.81e-03 1.37e-03
1.15e-03 1.08e-03 1.05e-03 9.52e-04 8.10e-04 7.42e-04 7.20e-04 6.67e-04
6.45e-04 6.41e-04 6.48e-04 6.30e-04 6.16e-04 6.37e-04 6.28e-04 6.31e-04
6.37e-04 6.67e-04 7.07e-04 7.26e-04 7.94e-04 9.24e-04 1.09e-03 1.28e-03
1.53e-03 1.77e-03 2.02e-03 2.26e-03 2.42e-03 2.55e-03 2.59e-03 2.52e-03
2.42e-03 2.29e-03 2.17e-03 2.06e-03 1.98e-03 2.05e-03 2.31e-03 2.49e-03
2.41e-03 2.40e-03 2.59e-03 2.80e-03 2.91e-03 2.75e-03 2.36e-03 1.93e-03
1.58e-03 1.36e-03 1.17e-03 1.04e-03 9.42e-04 8.52e-04 7.85e-04 7.33e-04
7.01e-04 6.92e-04 6.91e-04 6.85e-04 6.95e-04 7.13e-04 7.23e-04 7.69e-04
8.51e-04 9.74e-04 1.09e-03 1.29e-03 1.55e-03 1.86e-03 2.19e-03 2.58e-03
2.98e-03 3.42e-03 3.87e-03 4.39e-03 5.00e-03 5.88e-03 7.06e-03 8.25e-03
8.91e-03 8.85e-03 8.11e-03 7.16e-03 6.28e-03 5.58e-03 5.18e-03 5.19e-03
5.68e-03 7.09e-03 1.00e-02 1.42e-02 1.67e-02 1.61e-02 1.42e-02 1.18e-02
9.79e-03 8.26e-03 6.84e-03 5.57e-03 4.58e-03 3.86e-03 3.32e-03 2.85e-03
2.39e-03 1.98e-03 1.62e-03 1.34e-03 1.14e-03 9.89e-04 8.75e-04 7.85e-04
7.16e-04 6.76e-04 6.39e-04 6.08e-04 6.15e-04 5.90e-04 5.78e-04 5.70e-04
5.44e-04 5.66e-04 5.77e-04 5.80e-04 6.05e-04 6.31e-04 6.57e-04 6.73e-04
7.03e-04 7.57e-04 8.43e-04 9.78e-04 1.16e-03 1.41e-03 1.79e-03 2.36e-03
3.22e-03 4.65e-03 6.96e-03 1.04e-02 1.46e-02 1.96e-02 2.47e-02 2.92e-02
3.27e-02 3.54e-02 3.86e-02 4.26e-02 4.55e-02 4.69e-02 4.78e-02 4.83e-02
4.69e-02 4.25e-02 3.62e-02 3.12e-02 2.73e-02 2.29e-02 1.90e-02 1.56e-02
1.28e-02 1.11e-02 1.02e-02 9.36e-03 8.33e-03 7.07e-03 5.87e-03 5.02e-03
5.02E-03 
