0.000E+00 0.000E+00 0.000E+00 0.000E+00 0.000E+00 0.000E+00 0.000E+00 
0.000E+00 0.000E+00 0.000E+00 0.000E+00 0.000E+00 0.000E+00 0.000E+00 
0.000E+00 0.000E+00 0.000E+00 0.000E+00 0.000E+00 0.000E+00 0.000E+00 
0.000E+00 0.000E+00 0.000E+00 0.000E+00 0.000E+00 0.000E+00 0.000E+00 
0.000E+00 0.000E+00 0.000E+00 0.000E+00 0.000E+00 0.000E+00 0.000E+00 
0.000E+00 0.000E+00 0.000E+00 0.000E+00 0.000E+00 0.000E+00 0.000E+00 
0.000E+00 0.000E+00 0.000E+00 0.000E+00 0.000E+00 0.000E+00 0.000E+00 
0.000E+00 0.000E+00 0.000E+00 0.000E+00 0.000E+00 0.000E+00 0.000E+00 
0.000E+00 0.000E+00 0.000E+00 0.000E+00 0.000E+00 0.000E+00 0.000E+00 
0.000E+00 0.000E+00 0.000E+00 0.000E+00 0.000E+00 0.000E+00 0.000E+00 
0.000E+00 0.000E+00 0.000E+00 0.000E+00 0.000E+00 0.000E+00 0.000E+00 
0.000E+00 0.000E+00 0.000E+00 0.000E+00 0.000E+00 0.000E+00 0.000E+00 
0.000E+00 0.000E+00 0.000E+00 0.000E+00 0.000E+00 0.000E+00 0.000E+00 
0.000E+00 0.000E+00 0.000E+00 0.000E+00 0.000E+00 9.346E-10 2.804E-09 
5.607E-09 9.346E-09 1.402E-08 2.304E-08 3.640E-08 5.411E-08 7.617E-08 
1.026E-07 1.536E-07 2.294E-07 3.298E-07 4.549E-07 6.046E-07 8.939E-07 
1.323E-06 1.891E-06 2.600E-06 3.447E-06 5.084E-06 7.511E-06 1.073E-05 
1.473E-05 1.953E-05 2.892E-05 4.291E-05 6.151E-05 8.470E-05 1.125E-04 
1.653E-04 2.431E-04 3.460E-04 4.738E-04 6.267E-04 9.223E-04 1.361E-03 
1.942E-03 2.666E-03 3.533E-03 5.096E-03 7.355E-03 1.031E-02 1.396E-02 
1.831E-02 2.342E-02 2.929E-02 3.592E-02 4.331E-02 5.146E-02 5.985E-02 
6.847E-02 7.732E-02 8.641E-02 9.573E-02 1.055E-01 1.157E-01 1.264E-01 
1.376E-01 1.492E-01 1.615E-01 1.745E-01 1.883E-01 2.027E-01 2.179E-01 
2.335E-01 2.495E-01 2.659E-01 2.827E-01 3.000E-01 3.170E-01 3.340E-01 
3.508E-01 3.675E-01 3.841E-01 4.005E-01 4.166E-01 4.326E-01 4.484E-01 
4.640E-01 4.795E-01 4.948E-01 5.100E-01 5.250E-01 5.399E-01 5.546E-01 
5.692E-01 5.835E-01 5.976E-01 6.115E-01 6.251E-01 6.383E-01 6.512E-01 
6.638E-01 6.761E-01 6.879E-01 6.993E-01 7.104E-01 7.210E-01 7.311E-01 
7.410E-01 7.505E-01 7.596E-01 7.683E-01 7.767E-01 7.848E-01 7.927E-01 
8.002E-01 8.075E-01 8.146E-01 8.214E-01 8.280E-01 8.345E-01 8.407E-01 
8.467E-01 8.525E-01 8.582E-01 8.636E-01 8.689E-01 8.741E-01 8.791E-01 
8.839E-01 8.885E-01 8.930E-01 8.974E-01 9.016E-01 9.056E-01 9.095E-01 
9.133E-01 9.169E-01 9.204E-01 9.237E-01 9.269E-01 9.300E-01 9.329E-01 
9.358E-01 9.385E-01 9.411E-01 9.436E-01 9.460E-01 9.482E-01 9.504E-01 
9.525E-01 9.545E-01 9.564E-01 9.583E-01 9.600E-01 9.617E-01 9.633E-01 
9.648E-01 9.663E-01 9.677E-01 9.690E-01 9.703E-01 9.715E-01 9.727E-01 
9.738E-01 9.749E-01 9.759E-01 9.769E-01 9.778E-01 9.787E-01 9.796E-01 
9.804E-01 9.812E-01 9.819E-01 9.827E-01 9.834E-01 9.840E-01 9.847E-01 
9.853E-01 9.858E-01 9.864E-01 9.869E-01 9.875E-01 9.879E-01 9.884E-01 
9.889E-01 9.893E-01 9.897E-01 9.901E-01 9.905E-01 9.909E-01 9.913E-01 
9.916E-01 9.920E-01 9.923E-01 9.926E-01 9.929E-01 9.932E-01 9.934E-01 
9.937E-01 9.940E-01 9.942E-01 9.944E-01 9.947E-01 9.949E-01 9.951E-01 
9.953E-01 9.955E-01 9.957E-01 9.958E-01 9.960E-01 9.962E-01 9.963E-01 
9.965E-01 9.966E-01 9.967E-01 9.969E-01 9.970E-01 9.971E-01 9.972E-01 
9.974E-01 9.975E-01 9.976E-01 9.977E-01 9.978E-01 9.979E-01 9.979E-01 
9.980E-01 9.981E-01 9.982E-01 9.983E-01 9.983E-01 9.984E-01 9.985E-01 
9.985E-01 9.986E-01 9.986E-01 9.987E-01 9.988E-01 9.988E-01 9.989E-01 
9.989E-01 9.990E-01 9.990E-01 9.990E-01 9.991E-01 9.991E-01 9.992E-01 
9.992E-01 9.992E-01 9.993E-01 9.993E-01 9.993E-01 9.994E-01 9.994E-01 
9.994E-01 9.994E-01 9.995E-01 9.995E-01 9.995E-01 9.995E-01 9.996E-01 
9.996E-01 9.996E-01 9.996E-01 9.996E-01 9.996E-01 9.997E-01 9.997E-01 
9.997E-01 9.997E-01 9.997E-01 9.997E-01 9.998E-01 9.998E-01 9.998E-01 
9.998E-01 9.998E-01 9.998E-01 9.998E-01 9.998E-01 9.998E-01 9.998E-01 
9.999E-01 9.999E-01 9.999E-01 9.999E-01 9.999E-01 9.999E-01 9.999E-01 
9.999E-01 9.999E-01 9.999E-01 9.999E-01 9.999E-01 9.999E-01 9.999E-01 
9.999E-01 1.000E-00 1.000E-00 1.000E-00 1.000E-00 1.000E-00 1.000E-00 
1.000E-00 1.000E-00 1.000E-00 1.000E-00 1.000E-00 1.000E-00 1.000E-00 
1.000E-00 1.000E-00
