2.62e5 2.26e5 1.90e5 1.53e5 1.17e5 8.10e4 7.74e4 7.37e4 
7.01e4 6.64e4 6.28e4 6.24e4 6.20e4 6.15e4 6.11e4 6.07e4 
5.81e4 5.54e4 5.28e4 5.01e4 4.75e4 4.07e4 3.38e4 2.70e4 
2.01e4 1.33e4 1.08e4 8.27e3 5.75e3 3.24e3 7.22e2 6.20e2 
5.17e2 4.15e2 3.12e2 2.10e2 2.18e2 2.27e2 2.35e2 2.44e2 
2.52e2 2.89e2 3.26e2 3.63e2 4.00e2 4.37e2 5.05e2 5.73e2 
6.41e2 7.09e2 7.77e2 8.74e2 9.70e2 1.07e3 1.16e3 1.26e3 
1.39e3 1.51e3 1.64e3 1.76e3 1.89e3 2.00e3 2.11e3 2.23e3 
2.34e3 2.45e3 2.54e3 2.62e3 2.71e3 2.79e3 2.88e3 2.87e3 
2.86e3 2.86e3 2.85e3 2.84e3 2.38e3 1.92e3 1.45e3 9.93e2 
5.31e2 4.62e2 3.92e2 3.23e2 2.53e2 1.84e2 1.83e2 1.81e2 
1.80e2 1.78e2 1.77e2 1.82e2 1.87e2 1.91e2 1.96e2 2.01e2 
2.07e2 2.13e2 2.18e2 2.24e2 2.30e2 2.29e2 2.28e2 2.26e2 
2.25e2 2.24e2 2.10e2 1.97e2 1.83e2 1.70e2 1.56e2 1.54e2 
1.52e2 1.51e2 1.49e2 1.47e2 1.46e2 1.45e2 1.44e2 1.43e2 
1.42e2 1.36e2 1.30e2 1.24e2 1.18e2 1.12e2 1.07e2 1.01e2 
9.62e1 9.10e1 8.57e1 8.28e1 7.99e1 7.69e1 7.40e1 7.11e1 
6.53e1 5.95e1 5.37e1 4.79e1 4.21e1 3.59e1 2.96e1 2.34e1 
1.71e1 1.09e1 9.10e0 7.30e0 5.49e0 3.69e0 1.89e0 1.58e0 
1.28e0 9.72e-1 6.66e-1 3.60e-1 3.04e-1 2.48e-1 1.92e-1 1.36e-1 
8.04e-2 6.76e-2 5.48e-2 4.19e-2 2.91e-2 1.63e-2 1.37e-2 1.11e-2 
8.54e-3 5.95e-3 3.36e-3 2.87e-3 2.38e-3 1.89e-3 1.40e-3 9.13e-4 
8.07e-4 7.01e-4 5.96e-4 4.90e-4 3.84e-4 3.54e-4 3.25e-4 2.95e-4 
2.66e-4 2.36e-4 2.26e-4 2.16e-4 2.06e-4 1.96e-4 1.86e-4 1.81e-4 
1.76e-4 1.70e-4 1.65e-4 1.60e-4 1.56e-4 1.53e-4 1.49e-4 1.46e-4 
1.42e-4 1.38e-4 1.34e-4 1.31e-4 1.27e-4 1.23e-4 1.20e-4 1.16e-4 
1.13e-4 1.09e-4 1.06e-4 1.04e-4 1.01e-4 9.90e-5 9.66e-5 9.43e-5 
9.31e-5 9.19e-5 9.07e-5 8.95e-5 8.83e-5 8.70e-5 8.57e-5 8.43e-5 
8.30e-5 8.17e-5 8.06e-5 7.95e-5 7.84e-5 7.73e-5 7.62e-5 7.53e-5 
7.44e-5 7.36e-5 7.27e-5 7.18e-5 7.15e-5 7.11e-5 7.08e-5 7.04e-5 
7.01e-5 6.94e-5 6.88e-5 6.81e-5 6.75e-5 6.68e-5 6.62e-5 6.56e-5 
6.49e-5 6.43e-5 6.37e-5 6.32e-5 6.27e-5 6.21e-5 6.16e-5 6.11e-5 
6.11e-5 6.11e-5 6.12e-5 6.12e-5 6.12e-5 6.05e-5 5.98e-5 5.90e-5 
5.83e-5 5.76e-5 5.76e-5 5.76e-5 5.76e-5 5.76e-5 5.76e-5 5.73e-5 
5.70e-5 5.68e-5 5.65e-5 5.62e-5 5.60e-5 5.58e-5 5.55e-5 5.53e-5 
5.51e-5 5.45e-5 5.39e-5 5.34e-5 5.28e-5 5.22e-5 5.20e-5 5.17e-5 
5.15e-5 5.12e-5 5.10e-5 5.08e-5 5.06e-5 5.04e-5 5.02e-5 5.00e-5 
4.99e-5 4.98e-5 4.97e-5 4.96e-5 4.95e-5 4.88e-5 4.81e-5 4.73e-5 
4.66e-5 4.59e-5 4.61e-5 4.63e-5 4.64e-5 4.66e-5 4.68e-5 4.72e-5 
4.75e-5 4.79e-5 4.82e-5 4.86e-5 4.78e-5 4.70e-5 4.61e-5 4.53e-5 
4.45e-5 4.50e-5 4.55e-5 4.60e-5 4.65e-5 4.70e-5 4.69e-5 4.67e-5 
4.66e-5 4.64e-5 4.63e-5 4.57e-5 4.51e-5 4.44e-5 4.38e-5 4.32e-5 
4.34e-5 4.36e-5 4.37e-5 4.39e-5 4.41e-5 4.40e-5 4.39e-5 4.37e-5 
4.36e-5 4.35e-5 4.29e-5 4.22e-5 4.16e-5 4.09e-5 4.03e-5 4.07e-5 
4.12e-5 4.16e-5 4.21e-5 4.25e-5 4.23e-5 4.21e-5 4.20e-5 4.18e-5 
4.16e-5 4.10e-5 4.03e-5 3.97e-5 3.90e-5 3.84e-5 3.93e-5 4.02e-5 
4.10e-5 4.19e-5 4.28e-5 4.27e-5 4.27e-5 4.26e-5 4.26e-5 4.25e-5 
4.16e-5 4.08e-5 3.99e-5 3.91e-5 3.82e-5 3.93e-5 4.04e-5 4.14e-5 
4.25e-5 4.36e-5 4.30e-5 4.24e-5 4.18e-5 4.12e-5 4.06e-5 4.05e-5 
4.05e-5 4.04e-5 4.04e-5 4.03e-5 4.07e-5 4.11e-5 4.14e-5 4.18e-5 
4.18e-5
