2.32E+00 2.44E+00 2.56E+00 2.68E+00 2.80E+00 2.92E+00 3.07E+00 3.22E+00 
3.37E+00 3.52E+00 3.67E+00 3.86E+00 4.05E+00 4.24E+00 4.43E+00 4.62E+00 
4.86E+00 5.10E+00 5.34E+00 5.58E+00 5.82E+00 6.12E+00 6.42E+00 6.73E+00 
7.03E+00 7.33E+00 7.71E+00 8.09E+00 8.47E+00 8.85E+00 9.23E+00 9.70E+00 
1.02E+01 1.07E+01 1.11E+01 1.16E+01 1.22E+01 1.28E+01 1.34E+01 1.40E+01 
1.46E+01 1.54E+01 1.61E+01 1.69E+01 1.76E+01 1.84E+01 1.94E+01 2.04E+01 
2.13E+01 2.23E+01 2.33E+01 2.49E+01 2.64E+01 2.80E+01 2.95E+01 3.11E+01 
3.31E+01 3.51E+01 3.70E+01 3.90E+01 4.10E+01 4.34E+01 4.57E+01 4.81E+01 
5.04E+01 5.28E+01 5.61E+01 5.94E+01 6.27E+01 6.60E+01 6.93E+01 7.35E+01 
7.78E+01 8.20E+01 8.63E+01 9.05E+01 9.54E+01 1.00E+02 1.05E+02 1.10E+02 
1.15E+02 1.21E+02 1.26E+02 1.32E+02 1.37E+02 1.43E+02 1.49E+02 1.55E+02 
1.62E+02 1.68E+02 1.74E+02 1.79E+02 1.85E+02 1.90E+02 1.96E+02 2.01E+02 
2.07E+02 2.13E+02 2.18E+02 2.24E+02 2.30E+02 2.29E+02 2.28E+02 2.26E+02 
2.25E+02 2.24E+02 2.10E+02 1.97E+02 1.83E+02 1.70E+02 1.56E+02 1.54E+02 
1.52E+02 1.51E+02 1.49E+02 1.47E+02 1.46E+02 1.45E+02 1.44E+02 1.43E+02 
1.42E+02 1.36E+02 1.30E+02 1.24E+02 1.18E+02 1.12E+02 1.07E+02 1.01E+02 
9.62E+01 9.10E+01 8.57E+01 8.28E+01 7.99E+01 7.69E+01 7.40E+01 7.11E+01 
6.53E+01 5.95E+01 5.37E+01 4.79E+01 4.21E+01 3.59E+01 2.96E+01 2.34E+01 
1.71E+01 1.09E+01 9.10E+00 7.30E+00 5.49E+00 3.69E+00 1.89E+00 1.58E+00 
1.28E+00 9.72E-01 6.66E-01 3.60E-01 3.04E-01 2.48E-01 1.92E-01 1.36E-01 
8.03E-02 6.75E-02 5.47E-02 4.19E-02 2.91E-02 1.63E-02 1.37E-02 1.11E-02 
8.52E-03 5.92E-03 3.33E-03 2.84E-03 2.35E-03 1.86E-03 1.37E-03 8.83E-04 
7.77E-04 6.71E-04 5.65E-04 4.59E-04 3.53E-04 3.24E-04 2.94E-04 2.65E-04 
2.35E-04 2.06E-04 1.96E-04 1.86E-04 1.76E-04 1.66E-04 1.56E-04 1.51E-04 
1.45E-04 1.40E-04 1.34E-04 1.29E-04 1.26E-04 1.22E-04 1.19E-04 1.15E-04 
1.12E-04 1.08E-04 1.04E-04 1.00E-04 9.63E-05 9.24E-05 8.91E-05 8.59E-05 
8.26E-05 7.94E-05 7.61E-05 7.37E-05 7.13E-05 6.90E-05 6.66E-05 6.42E-05 
6.30E-05 6.18E-05 6.05E-05 5.93E-05 5.81E-05 5.68E-05 5.55E-05 5.42E-05 
5.29E-05 5.16E-05 5.05E-05 4.94E-05 4.83E-05 4.72E-05 4.61E-05 4.52E-05 
4.43E-05 4.35E-05 4.26E-05 4.17E-05 4.14E-05 4.10E-05 4.07E-05 4.03E-05 
4.00E-05 3.93E-05 3.87E-05 3.80E-05 3.74E-05 3.67E-05 3.61E-05 3.55E-05 
3.48E-05 3.42E-05 3.36E-05 3.31E-05 3.26E-05 3.20E-05 3.15E-05 3.10E-05 
3.10E-05 3.10E-05 3.11E-05 3.11E-05 3.11E-05 3.04E-05 2.97E-05 2.89E-05 
2.82E-05 2.75E-05 2.75E-05 2.75E-05 2.75E-05 2.75E-05 2.75E-05 2.72E-05 
2.69E-05 2.67E-05 2.64E-05 2.61E-05 2.59E-05 2.57E-05 2.54E-05 2.52E-05 
2.50E-05 2.44E-05 2.38E-05 2.33E-05 2.27E-05 2.21E-05 2.19E-05 2.16E-05 
2.14E-05 2.11E-05 2.09E-05 2.07E-05 2.05E-05 2.03E-05 2.01E-05 1.99E-05 
1.98E-05 1.97E-05 1.96E-05 1.95E-05 1.94E-05 1.87E-05 1.80E-05 1.72E-05 
1.65E-05 1.58E-05 1.60E-05 1.62E-05 1.63E-05 1.65E-05 1.67E-05 1.71E-05 
1.74E-05 1.78E-05 1.81E-05 1.85E-05 1.77E-05 1.68E-05 1.60E-05 1.51E-05 
1.43E-05 1.48E-05 1.53E-05 1.59E-05 1.64E-05 1.69E-05 1.68E-05 1.66E-05 
1.65E-05 1.63E-05 1.62E-05 1.56E-05 1.50E-05 1.43E-05 1.37E-05 1.31E-05 
1.33E-05 1.35E-05 1.36E-05 1.38E-05 1.40E-05 1.39E-05 1.38E-05 1.36E-05 
1.35E-05 1.34E-05 1.28E-05 1.21E-05 1.15E-05 1.08E-05 1.02E-05 1.06E-05 
1.11E-05 1.15E-05 1.20E-05 1.24E-05 1.22E-05 1.20E-05 1.19E-05 1.17E-05 
1.15E-05 1.09E-05 1.02E-05 9.56E-06 8.91E-06 8.26E-06 9.15E-06 1.00E-05 
1.09E-05 1.18E-05 1.27E-05 1.26E-05 1.26E-05 1.25E-05 1.25E-05 1.24E-05 
1.15E-05 1.07E-05 9.80E-06 8.94E-06 8.07E-06 9.16E-06 1.02E-05 1.13E-05 
1.24E-05 1.35E-05 1.29E-05 1.23E-05 1.17E-05 1.11E-05 1.05E-05 1.04E-05 
1.04E-05 1.03E-05 1.03E-05 1.02E-05 1.06E-05 1.10E-05 1.13E-05 1.17E-05 
1.17E-05
