0.000E+00 0.000E+00 0.000E+00 0.000E+00 0.000E+00 0.000E+00 0.000E+00 
0.000E+00 0.000E+00 0.000E+00 0.000E+00 0.000E+00 0.000E+00 0.000E+00 
0.000E+00 0.000E+00 0.000E+00 0.000E+00 0.000E+00 0.000E+00 0.000E+00 
0.000E+00 0.000E+00 0.000E+00 0.000E+00 0.000E+00 0.000E+00 0.000E+00 
0.000E+00 0.000E+00 0.000E+00 0.000E+00 0.000E+00 0.000E+00 0.000E+00 
0.000E+00 0.000E+00 0.000E+00 0.000E+00 0.000E+00 0.000E+00 0.000E+00 
0.000E+00 0.000E+00 0.000E+00 0.000E+00 0.000E+00 0.000E+00 0.000E+00 
0.000E+00 0.000E+00 0.000E+00 0.000E+00 0.000E+00 0.000E+00 0.000E+00 
0.000E+00 0.000E+00 0.000E+00 0.000E+00 0.000E+00 0.000E+00 0.000E+00 
0.000E+00 0.000E+00 0.000E+00 0.000E+00 0.000E+00 0.000E+00 0.000E+00 
0.000E+00 0.000E+00 0.000E+00 0.000E+00 0.000E+00 0.000E+00 0.000E+00 
0.000E+00 0.000E+00 0.000E+00 0.000E+00 0.000E+00 0.000E+00 0.000E+00 
0.000E+00 0.000E+00 0.000E+00 0.000E+00 0.000E+00 0.000E+00 0.000E+00 
0.000E+00 0.000E+00 0.000E+00 0.000E+00 0.000E+00 0.000E+00 0.000E+00 
0.000E+00 0.000E+00 1.850E-05 4.665E-05 7.078E-05 9.812E-05 1.247E-04 
1.536E-04 1.874E-04 2.405E-04 3.080E-04 3.684E-04 4.166E-04 4.456E-04 
4.753E-04 5.003E-04 5.276E-04 5.509E-04 5.799E-04 6.105E-04 6.499E-04 
6.780E-04 7.134E-04 7.424E-04 7.818E-04 8.083E-04 8.413E-04 8.903E-04 
9.225E-04 9.676E-04 1.036E-03 1.098E-03 1.154E-03 1.251E-03 1.358E-03 
1.519E-03 1.742E-03 2.016E-03 2.325E-03 2.746E-03 3.273E-03 3.889E-03 
4.831E-03 6.193E-03 8.307E-03 1.128E-02 1.516E-02 2.044E-02 2.704E-02 
3.542E-02 4.584E-02 5.836E-02 7.289E-02 8.945E-02 1.082E-01 1.287E-01 
1.509E-01 1.739E-01 1.970E-01 2.197E-01 2.415E-01 2.621E-01 2.817E-01 
3.003E-01 3.181E-01 3.354E-01 3.523E-01 3.696E-01 3.873E-01 4.056E-01 
4.242E-01 4.433E-01 4.623E-01 4.814E-01 5.005E-01 5.193E-01 5.380E-01 
5.564E-01 5.740E-01 5.909E-01 6.070E-01 6.221E-01 6.364E-01 6.498E-01 
6.626E-01 6.748E-01 6.864E-01 6.976E-01 7.086E-01 7.192E-01 7.297E-01 
7.400E-01 7.501E-01 7.600E-01 7.696E-01 7.790E-01 7.882E-01 7.971E-01 
8.058E-01 8.142E-01 8.221E-01 8.299E-01 8.374E-01 8.444E-01 8.511E-01 
8.574E-01 8.635E-01 8.693E-01 8.746E-01 8.800E-01 8.849E-01 8.897E-01 
8.943E-01 8.989E-01 9.031E-01 9.073E-01 9.113E-01 9.151E-01 9.189E-01 
9.224E-01 9.259E-01 9.292E-01 9.324E-01 9.354E-01 9.384E-01 9.413E-01 
9.440E-01 9.467E-01 9.491E-01 9.514E-01 9.537E-01 9.558E-01 9.578E-01 
9.598E-01 9.617E-01 9.634E-01 9.651E-01 9.667E-01 9.682E-01 9.696E-01 
9.710E-01 9.723E-01 9.736E-01 9.748E-01 9.760E-01 9.771E-01 9.782E-01 
9.791E-01 9.801E-01 9.810E-01 9.819E-01 9.828E-01 9.836E-01 9.843E-01 
9.851E-01 9.858E-01 9.865E-01 9.871E-01 9.876E-01 9.883E-01 9.888E-01 
9.894E-01 9.899E-01 9.903E-01 9.908E-01 9.912E-01 9.916E-01 9.920E-01 
9.923E-01 9.927E-01 9.930E-01 9.934E-01 9.936E-01 9.939E-01 9.942E-01 
9.945E-01 9.948E-01 9.950E-01 9.952E-01 9.954E-01 9.956E-01 9.958E-01 
9.960E-01 9.962E-01 9.963E-01 9.965E-01 9.967E-01 9.968E-01 9.970E-01 
9.971E-01 9.972E-01 9.974E-01 9.975E-01 9.976E-01 9.977E-01 9.978E-01 
9.979E-01 9.980E-01 9.981E-01 9.982E-01 9.982E-01 9.983E-01 9.984E-01 
9.985E-01 9.985E-01 9.986E-01 9.987E-01 9.987E-01 9.988E-01 9.988E-01 
9.989E-01 9.989E-01 9.990E-01 9.990E-01 9.991E-01 9.991E-01 9.992E-01 
9.992E-01 9.992E-01 9.993E-01 9.993E-01 9.993E-01 9.994E-01 9.994E-01 
9.994E-01 9.995E-01 9.995E-01 9.995E-01 9.995E-01 9.996E-01 9.996E-01 
9.996E-01 9.997E-01 9.997E-01 9.997E-01 9.997E-01 9.997E-01 9.998E-01 
9.998E-01 9.998E-01 9.998E-01 9.998E-01 9.999E-01 9.999E-01 9.999E-01 
9.999E-01 9.999E-01 9.999E-01 1.000E-00 1.000E-00 1.000E-00 1.000E+00 
1.000E+00 1.000E+00 1.000E+00 1.000E+00 1.000E+00 1.000E+00 1.000E+00 
1.000E+00 1.000E+00 1.000E+00 1.000E+00 1.000E+00 1.000E+00 1.000E+00 
1.000E+00 1.000E+00 1.000E+00 1.000E+00 1.000E+00 1.000E+00 1.000E+00 
1.000E+00 1.000E+00 1.000E+00 1.000E+00 1.000E+00 1.000E+00 1.000E+00 
1.000E+00 1.000E+00 1.000E+00 1.000E+00 1.000E+00 1.000E+00 1.000E+00 
1.000E+00 1.000E+00 1.000E+00 1.000E+00 1.000E+00 1.000E+00 1.000E+00 
1.000E+00 1.000E+00 1.000E+00 1.000E+00 1.000E+00 1.000E+00 1.000E+00 
1.000E+00 1.000E+00
